14

0 1 1125
0 2 1710
0 7 2565
1 0 1125
1 2 675
1 3 945
2 0 1710
2 1 675
2 5 1935
3 1 945
3 4 630
3 9 2070
4 3 630
4 5 1260
4 6 630
5 2 1935
5 4 1260
5 8 1125
5 11 1935
6 4 630
6 7 945
7 0 2565
7 6 945
7 10 945
8 5 1125
8 10 945
9 3 2070
9 12 315
9 13 315
10 7 945
10 8 945
10 12 630
10 13 945
11 5 1935
11 12 315
11 13 180
12 9 315
12 10 630
12 11 315
13 9 315
13 10 945
13 11 180
